# unix_time, cycles_done, cur_path, paths_total, pending_total, pending_favs, map_size, unique_crashes, unique_hangs, max_depth, execs_per_sec
1585319575, 0, 0, 1, 1, 1, 0.06%, 0, 0, 1, 148.15
1585319580, 7, 1, 2, 0, 0, 0.06%, 3, 0, 2, 1138.18
1585319585, 19, 1, 2, 0, 0, 0.06%, 3, 0, 2, 1203.06
1585319590, 31, 1, 2, 0, 0, 0.06%, 3, 0, 2, 1220.96
1585319595, 43, 0, 2, 0, 0, 0.06%, 3, 0, 2, 1213.48
1585319600, 55, 0, 2, 0, 0, 0.06%, 3, 0, 2, 1186.81
1585319605, 67, 0, 2, 0, 0, 0.06%, 3, 0, 2, 1184.44
1585319610, 79, 0, 2, 0, 0, 0.06%, 3, 0, 2, 1224.85
1585319615, 91, 1, 2, 0, 0, 0.06%, 3, 0, 2, 1248.15
1585319620, 103, 1, 2, 0, 0, 0.06%, 3, 0, 2, 1230.04
1585319625, 116, 0, 2, 0, 0, 0.06%, 3, 0, 2, 1243.49
1585319630, 128, 0, 2, 0, 0, 0.06%, 3, 0, 2, 1252.55
1585319635, 140, 1, 2, 0, 0, 0.06%, 3, 0, 2, 1252.24
1585319640, 152, 1, 2, 0, 0, 0.06%, 3, 0, 2, 1243.94
1585319645, 164, 1, 2, 0, 0, 0.06%, 3, 0, 2, 1231.45
1585319651, 177, 0, 2, 0, 0, 0.06%, 3, 0, 2, 1229.93
1585319656, 189, 0, 2, 0, 0, 0.06%, 3, 0, 2, 1217.26
1585319661, 201, 1, 2, 0, 0, 0.06%, 3, 0, 2, 1228.44
